# Cameras (180)
# PhotoID, X, Y, Z, Omega, Phi, Kappa, r11, r12, r13, r21, r22, r23, r31, r32, r33
_x_00000_y_00000_	0.1410606979533951	0.0052610400172168	-0.1399313944782607	-176.4305877483212157	42.8885706897035988	-90.4333572969312200	-0.0055415708626819	0.9983520302934442	0.0571184261104146	0.7326577168274926	-0.0348210428817580	0.6797059400547807	0.6805747284211341	0.0456148942954355	-0.7312573558282447
_x_00000_y_00160_	0.1336565440331870	0.0482330994712157	-0.1376158292746191	-160.6418657521818716	40.3174430796676830	-114.1805156525206826	-0.3123180616064083	0.9485344585477382	0.0523431881142522	0.6955717383450275	0.1908035395393093	0.6926571779133945	0.6470219356483151	0.2527377895108274	-0.7193651538287688
_x_00000_y_00320_	0.1127238659459359	0.0866747971957922	-0.1357547747432004	-148.3066131485227857	33.3147968800838683	-134.9040114386054086	-0.5899139931236055	0.8063616737305667	0.0422176723115059	0.5918938971641444	0.3962673513489455	0.7018787649977257	0.5492386505125115	0.4390364875421292	-0.7110442091669584
_x_00000_y_00480_	0.0813743657120699	0.1169350289862331	-0.1344202137931777	-140.2200065665147122	23.5724281406190954	-152.1469823941621371	-0.8103714649779298	0.5852843080361696	0.0272096952600820	0.4282191830956087	0.5599273798680816	0.7093022349485405	0.3999080143963782	0.5864500047239209	-0.7043791393708783
_x_00000_y_00640_	0.0418681692386539	0.1354680960245469	-0.1340038790633162	-136.0340832546217484	12.1751267894625421	-166.7682706113146196	-0.9515569623887979	0.3072707876819923	0.0111359941941474	0.2237416875284191	0.6671325311094476	0.7105447510167370	0.2109004613350562	0.6786153910520961	-0.7035638893774120
_x_00000_y_00800_	0.0007492713433979	0.1374784166211560	-0.1427692782157613	-138.2256371595853466	0.4511891264993712	-178.7594464123018270	-0.9997346118293587	0.0213909062178433	0.0085519028047159	0.0216493817042099	0.7454857869571028	0.6661698324877627	0.0078746544195475	0.6661781823026988	-0.7457510437415724
_x_00000_y_00960_	-0.0426506810948179	0.1298207840293771	-0.1446584076567011	-140.3798948685286803	-11.6975668339748680	167.9587194943456723	-0.9576859315616191	-0.2871401035824669	0.0197032333286858	-0.2042837077677462	0.7263692995842550	0.6562437103410137	-0.2027457107551641	0.6244503195099896	-0.7542917043387491
_x_00000_y_01120_	-0.0819685787103295	0.1103764513764958	-0.1439906620116677	-144.6789091809626200	-23.1076046183194279	153.3055191747481558	-0.8217354856935735	-0.5692591573884258	0.0263591214073354	-0.4131907189372185	0.6270267092019401	0.6603869590865115	-0.3924591970333885	0.5317720542458056	-0.7504626979318185
_x_00000_y_01280_	-0.1134267549987174	0.0793047933314809	-0.1430116441361363	-152.8140217270807000	-33.0373929962231259	136.2396193415594325	-0.6054634632165002	-0.7951354771392927	0.0342573744520874	-0.5798154319967380	0.4701736540123102	0.6653952208207905	-0.5451862613165507	0.3830095404388525	-0.7457047890449013
_x_00000_y_01440_	-0.1332547183714095	0.0405277946510753	-0.1416595718883554	-165.0563870649117462	-40.0139147175743020	115.5567548617610356	-0.3304080097907982	-0.9431754938154993	0.0353629033306452	-0.6909525726012229	0.2672347249528042	0.6716920009908940	-0.6429736304716051	0.1974983282088422	-0.7399860274848955
_x_00000_y_01600_	-0.1403198146597388	-0.0027438290023009	-0.1402967354341441	179.1644200165743825	-42.8098201235280555	91.7926707302307960	-0.0229495561967441	-0.9990942634243816	0.0358325363721884	-0.7332543496863905	0.0411849227226468	0.6787060194269080	-0.6795670508024658	-0.0106983612212965	-0.7335353901011306
_x_00000_y_01760_	-0.1335274131253081	-0.0461925931384138	-0.1391886393944607	163.1698051657924964	-40.4685344304769359	67.7831366894689040	0.2876544038632485	-0.9571605535992257	0.0331454155457739	-0.7042830011212758	-0.1879508845651399	0.6845874080954092	-0.6490303523485539	-0.2202683355019608	-0.7281768068989207
_x_00000_y_01920_	-0.1140010527701897	-0.0851526224674735	-0.1381820914836262	150.5154381351440236	-33.8393499591739655	46.7567212186174430	0.5690435375685189	-0.8218822883066568	0.0264377858248243	-0.6050532996279714	-0.3967129838548787	0.6903110263136922	-0.5568661930489320	-0.4088132979842652	-0.7230295501778733
_x_00000_y_02080_	-0.0833336688967639	-0.1160438198394263	-0.1375822485070562	142.1833014113061040	-24.2424333317070193	29.4128569037659133	0.7942864708081450	-0.6072599311918332	0.0185574313963972	-0.4477922781677953	-0.5645154517278269	0.6934005915586049	-0.4105984387506095	-0.5590685832072987	-0.7203132938979716
_x_00000_y_02240_	-0.0456867468927493	-0.1353804134321609	-0.1378636444184310	137.8931123363204847	-13.2682353804386342	15.0925243868749899	0.9397336313504840	-0.3417556036177284	0.0101886949466226	-0.2534280608713453	-0.6762350561813510	0.6917227528095299	-0.2295101742228939	-0.6526172355885844	-0.7220912849085568
_x_00000_y_02400_	-0.0019072919026514	-0.1420142744731709	-0.1396351728717739	136.9732370710443945	-0.9015736693950885	1.8405654419894284	0.9993603355884915	-0.0342106068841389	0.0104189264839211	-0.0321144260801924	-0.7303130592074684	0.6823573104969041	-0.0157347796297981	-0.6822554286538488	-0.7309445579401727
_x_00000_y_02560_	0.0408800569722880	-0.1338467371325894	-0.1436066671771027	139.8384209735153263	11.0130049570206605	-11.3950584807490092	0.9622350817159701	0.2717672788033145	0.0156905604393969	0.1939342648520977	-0.7248224032120713	0.6610763834218807	0.1910317995291290	-0.6330679505185194	-0.7501545318099091
_x_00000_y_02720_	0.0803047392081421	-0.1144443701073950	-0.1433520341430355	144.1811296631790071	22.4709793199979551	-25.9597867432752381	0.8308356387654858	0.5560636644437614	0.0224798230091576	0.4045040229764577	-0.6311408579308033	0.6618441756533260	0.3822154323846815	-0.5407905495991442	-0.7493043071484685
_x_00000_y_02880_	0.1133260207087327	-0.0830713404099330	-0.1426056679975148	152.3631700984454653	32.8250954727335014	-43.6481102598447777	0.6080559843936363	0.7934240365576695	0.0273169920675755	0.5800182560597718	-0.4674766213742791	0.6671165048969110	0.5420763253274098	-0.3897998289904993	-0.7444523831908321
_x_00000_y_03040_	0.1343089450920200	-0.0411215850574670	-0.1421380061972716	165.8180749827755847	40.0555844151360745	-65.9678270906118343	0.3117171564606543	0.9496908689824668	0.0303260241279723	0.6990714897526809	-0.2508386955747302	0.6696110819104892	0.6435304705940907	-0.1875292035222625	-0.7420925354989459
_x_00050_y_00000_	0.1683572346749649	0.0028981850494924	-0.1127685238689425	-177.2474993604566862	53.3919598408288962	-90.1092501403161634	-0.0011370805929364	0.9989179793236068	0.0464927696719257	0.5963364421848190	-0.0366440161864292	0.8018977888734207	0.8027338006899158	0.0286371552667209	-0.5956495266246357
_x_00050_y_00160_	0.1592419890131187	0.0544793088356892	-0.1108124969207978	-154.8762879806616581	49.6317845624552731	-118.6816180781182197	-0.3108571978436012	0.9495542532418160	0.0414067953263773	0.5682249984357977	0.1507453665072955	0.8089475790366267	0.7618977317865322	0.2749955538312533	-0.5864207462834001
_x_00050_y_00320_	0.1342579099287565	0.1006390754562148	-0.1090186780064535	-139.3528424536396244	40.2740976544801725	-140.6274780709513550	-0.5897974939020589	0.8068325428332168	0.0340611804278111	0.4839916059257566	0.3194064086836347	0.8146972882520417	0.6464449254037488	0.4969917443148405	-0.5788852774968751
_x_00050_y_00480_	0.0967581716000002	0.1366060199723381	-0.1077411130920027	-130.5212278104719985	28.0151466269023395	-156.4528649341134212	-0.8093122700914355	0.5868914037268335	0.0239192330770598	0.3526909397874760	0.4529838198973317	0.8187885929243572	0.4697049610886343	0.6710917516575272	-0.5735966443294069
_x_00050_y_00640_	0.0499908511090466	0.1593921820155982	-0.1077352597389097	-126.2873309865897795	14.2877474819504844	-168.9922223004838884	-0.9512389016451348	0.3082750416659645	0.0105380587778632	0.1850361215289743	0.5429620423601883	0.8191177291974379	0.2467917861811303	0.7811265705645279	-0.5735286348837575
_x_00050_y_00800_	0.0009979973994678	0.1656814170705962	-0.1114484533026015	-126.2854480407235940	0.6371400638561617	-179.1985718953409616	-0.9998403530409931	0.0172403733566037	0.0046944602871582	0.0139862382292132	0.5916252028119926	0.8060918090006026	0.0111199627273871	0.8060287767345488	-0.5917718796164178
_x_00050_y_00960_	-0.0504244487600118	0.1569960744660067	-0.1163563347062187	-129.2588230253844301	-13.7512613780998070	170.3031941954231741	-0.9574592121890122	-0.2880154201330606	0.0178598645004188	-0.1636065636369567	0.5927820174026137	0.7885698270787398	-0.2377072765594340	0.7521014543329000	-0.6146858165445441
_x_00050_y_01120_	-0.0973563710114423	0.1337808644867043	-0.1159400236134027	-133.6686178040411903	-27.5526974030298533	157.9969792089387965	-0.8220104982377580	-0.5689177850357372	0.0251255777434814	-0.3321642134079914	0.5148367549621975	0.7903227512042432	-0.4625642399904729	0.6413077807184501	-0.6121753460177997
_x_00050_y_01280_	-0.1346549109198410	0.0970831892516313	-0.1147703604113994	-142.3556499931598580	-39.9504102931982814	142.2487667873113253	-0.6061329138474977	-0.7948672437099712	0.0280883539506112	-0.4693391138534640	0.3859633765091333	0.7941996400156034	-0.6421243547460160	0.4682075788265091	-0.6070073938358835
_x_00050_y_01440_	-0.1589553575685339	0.0506703580524272	-0.1135230886718451	-157.5837157892006815	-49.4532787067777733	120.5214965791716963	-0.3301445218546744	-0.9435073769580650	0.0282564030807084	-0.5599936310399138	0.2198708141672501	0.7987890574314118	-0.7598761266707104	0.2478924256671462	-0.6009472667487366
_x_00050_y_01600_	-0.1672408418279986	-0.0009153607586346	-0.1124186920127671	-179.8019572219623967	-53.3948950953488719	92.1608711869126012	-0.0224835805893620	-0.9993875529352498	0.0268143178539769	-0.5958723748406538	0.0349323765514417	0.8023190400147737	-0.8027643499219692	0.0020610935351706	-0.5962928394570894
_x_00050_y_01760_	-0.1595746937219568	-0.0527889073777057	-0.1116246290085780	157.4446159919388606	-50.1401052302559052	63.2733295797732680	0.2882406489584409	-0.9572626934186719	0.0237794885741062	-0.5724387647384901	-0.1523528769922696	0.8056689527944154	-0.7676139582581135	-0.2458388428646038	-0.5918885658857620
_x_00050_y_01920_	-0.1361663584960318	-0.0995296356274529	-0.1108241701953238	141.3704964978051635	-41.1548389510965507	40.8225350674451377	0.5697736630387226	-0.8215805493318362	0.0190623678233944	-0.4922066339982150	-0.3225910188828390	0.8084971638690385	-0.6580961953662889	-0.4700430145164689	-0.5881912632372963
_x_00050_y_02080_	-0.0995285547413181	-0.1366442186765242	-0.1101035067845045	132.0143606144141017	-29.0296927152336295	24.5756410449583136	0.7951619442594035	-0.6062439896840651	0.0136274492680378	-0.3636447215698602	-0.4587393035052096	0.8107532102273380	-0.4852628142316131	-0.6496356489537054	-0.5852294633154699
_x_00050_y_02240_	-0.0538807551339681	-0.1604281808243505	-0.1106898421209203	127.5887079628623439	-15.4983700280149375	12.1538161234903352	0.9420389923026224	-0.3354198110575687	0.0074891475859850	-0.2028813412725733	-0.5517374563940913	0.8089653519003268	-0.2672109622468761	-0.7635963132191526	-0.5878086185938550
_x_00050_y_02400_	-0.0028564446467328	-0.1687627075539643	-0.1120197897452338	126.5074240419752698	-1.3015219948593011	1.2812163266328218	0.9994920641518468	-0.0315547179955230	0.0044624510870685	-0.0223538111652155	-0.5943699869053628	0.8038809773794309	-0.0227138905489870	-0.8035724102023049	-0.5947734532893906
_x_00050_y_02560_	0.0490086552594232	-0.1609035458016004	-0.1146131527029988	128.5405496056075094	13.1167577555445884	-9.6011827882522063	0.9602676875893579	0.2789367346052161	0.0089591439081549	0.1624375126280677	-0.5847353697594455	0.7947946916301660	0.2269361642907416	-0.7617603595882779	-0.6068122707204777
_x_00050_y_02720_	0.0962308205693442	-0.1381195026614029	-0.1145349784534036	132.8528568827767060	26.9818507944355837	-21.7771541559050483	0.8275523046157589	0.5611994154758635	0.0145739217335590	0.3306146053113000	-0.5081812189624071	0.7952646298237684	0.4537082387173508	-0.6533047258082791	-0.6060872621632700
_x_00050_y_02880_	0.1348017679517595	-0.1004992205282817	-0.1143309207878630	141.9348167578690152	39.7718621057762149	-37.9184819738206258	0.6063359524348299	0.7949948336856161	0.0184371146909479	0.4723338572042965	-0.3787036146614235	0.7959172693068567	0.6397323191175037	-0.4738847820468080	-0.6051245931384625
_x_00050_y_03040_	0.1596650769622966	-0.0526020093640996	-0.1139124041485367	157.8419800382765175	49.4191705590607526	-60.3317231720938665	0.3219929311597001	0.9465212238614377	0.0204481065878991	0.5652406572213755	-0.2095235722278382	0.7978739700634641	0.7594890069692470	-0.2453516771100847	-0.6024773878181121
_x_00100_y_00000_	0.1904028304738716	0.0034827389720490	-0.0668683401870842	-176.8639978544766791	68.0198847254375210	-92.4576175073670044	-0.0160494685136334	0.9997593985001301	0.0149519119542337	0.3739405262004597	-0.0078670381168207	0.9274193186343446	0.9273138074165368	0.0204757129772265	-0.3737242937684420
_x_00100_y_00160_	0.1793995544660407	0.0631640421019647	-0.0661656059094880	-139.6793126884605272	60.9528516107512033	-132.7996102723724903	-0.3298861533040746	0.9437665436459780	0.0219051809571195	0.3562495003338326	0.1029687223410111	0.9287000246211661	0.8742204638248500	0.3141689884663718	-0.3701843153293795
_x_00100_y_00320_	0.1514111876439349	0.1138078730801801	-0.0646522311273835	-122.4770107256003655	47.3782931600697168	-151.8078670546199191	-0.5968227900198884	0.8007948535818599	0.0503006937296445	0.3199080723384413	0.1799949518796525	0.9301938736363212	0.7358405958939609	0.5712525008913732	-0.3636058273182269
_x_00100_y_00480_	0.1093383070116356	0.1545038360788163	-0.0639014323981640	-115.1313836797320818	32.0096119151033989	-163.4166495778464991	-0.8126887911082387	0.5811356934335410	0.0426407624761461	0.2420159262695130	0.2700667958706178	0.9319292983912930	0.5300615249562450	0.7676882385354711	-0.3601243509891618
_x_00100_y_00640_	0.0563985181267219	0.1800078465674592	-0.0635146256732125	-111.9095819769855638	16.2056749798582445	-172.4872481459365758	-0.9520229191037702	0.3054934622961977	0.0180584051183467	0.1255517578054997	0.3360856701380575	0.9334255077079272	0.2790862189594571	0.8909097411197916	-0.3583165019431557
_x_00100_y_00800_	0.0040315099025918	0.1879119237538769	-0.0763086209958508	-114.8951487415245225	1.5028029477683655	-178.9901570335443068	-0.9995007788237386	0.0312042963541135	0.0049482340067374	0.0176181102328188	0.4204743693042232	0.9071333457381223	0.0262258521799584	0.9067676640944249	-0.4208142203278956
_x_00100_y_00960_	-0.0536660191591418	0.1801961389407782	-0.0796449855167427	-116.8213585715131728	-14.4293537386647710	173.2701115008929662	-0.9617826298668649	-0.2737225921331655	0.0070792261073056	-0.1134921636020008	0.4220410291769057	0.8994447723413787	-0.2491860784380105	0.8642669218749484	-0.4369771001614242
_x_00100_y_01120_	-0.1071852590185096	0.1547556778801669	-0.0796051141835706	-120.3861817938754655	-30.2851041026311734	164.0208221181092938	-0.8301615754683610	-0.5574688692546590	0.0077600533387915	-0.2377185363772082	0.3665230326118443	0.8995280785098898	-0.5043031390726883	0.7449089383118905	-0.4367940218735653
_x_00100_y_01280_	-0.1505172061723274	0.1140308018504065	-0.0792492635058903	-128.2154438958655192	-45.3294555003507185	151.4567396933740895	-0.6175806263931631	-0.7864299964661070	0.0110467444139447	-0.3359229278095670	0.2764468042772714	0.9004071029133058	-0.7111609919530719	0.5523631278997558	-0.4349080574801084
_x_00100_y_01440_	-0.1788779201190354	0.0617443603014686	-0.0790586866134060	-144.8240809511596581	-57.9325806957573874	130.3223271720533205	-0.3435493125347236	-0.9390915088307255	0.0090004388198310	-0.4047795738119829	0.1567154033789405	0.9008849976375262	-0.8474239591146269	0.3058552278216061	-0.4339645298093901
_x_00100_y_01600_	-0.1895908123301332	0.0035598989636061	-0.0791973287354917	-175.8349499268940974	-64.1827957323393150	94.9679239671256425	-0.0377135637103303	-0.9992740451402410	0.0053916436571606	-0.4338653863497808	0.0212344265270819	0.9007274424916902	-0.9001880434885943	0.0316303942296787	-0.4343512455617606
_x_00100_y_01760_	-0.1824380049052590	-0.0526852620607308	-0.0796932632568446	151.8133079135785124	-60.2918356409474967	58.3785945042947887	0.2598358905298263	-0.9656524323504627	0.0008305950917111	-0.4220038670925259	-0.1127782455543671	0.8995520015477886	-0.8685609052631408	-0.2340864097407471	-0.4368128965852094
_x_00100_y_01920_	-0.1590306457817008	-0.1048661491191163	-0.0804123016166327	132.4998117560346031	-49.3697630435704440	34.7007581055239527	0.5353545931890047	-0.8446254873588656	-0.0018015702134160	-0.3707075748842795	-0.2368835350746716	0.8980323405835354	-0.7589277656502312	-0.4800978826388688	-0.4399257546573321
_x_00100_y_02080_	-0.1193059835947682	-0.1486269547377134	-0.0820101694777725	123.1221628191515549	-34.9474777467153004	20.1142279136697617	0.7696844449941194	-0.6383972180220444	-0.0059031479575775	-0.2818812555231375	-0.3481177941381440	0.8940676479937593	-0.5728252900481915	-0.6864859746754529	-0.4478930605123267
_x_00100_y_02240_	-0.0672318956555867	-0.1782669818415426	-0.0852628238153488	119.3770954178338428	-19.1410560276660604	9.8717151355694686	0.9307268358068002	-0.3656025888914692	-0.0090721609838890	-0.1619644153875523	-0.4343058150035956	0.8860846388479102	-0.3278949302097102	-0.8232333849218686	-0.4634346865447722
_x_00100_y_02400_	-0.0083295777885818	-0.1902443393675223	-0.0856418506582221	117.7922559651360501	-3.0945817754802674	0.9162889163317703	0.9984140928979075	-0.0552072016413380	-0.0110210702647859	-0.0159682575827837	-0.4654437447704223	0.8849334072142692	-0.0539843852666544	-0.8833539977500626	-0.4655871570462000
_x_00100_y_02560_	0.0536429133465884	-0.1833918095674828	-0.0803087138746268	116.9343128491183847	13.7867805324651354	-7.8598205458603250	0.9620655530396864	0.2724066166935036	-0.0149835521836910	0.1328100419781791	-0.4196595701877289	0.8979127674220949	0.2383093879900605	-0.8658409093658308	-0.4399183506792522
_x_00100_y_02720_	0.1104917376250519	-0.1564332316477345	-0.0766749112776039	119.4078980956662122	30.8266580884255852	-17.3514962063215030	0.8196438428550912	0.5725368970653208	-0.0196334502457627	0.2560989987593437	-0.3355440780349275	0.9065448000679019	0.5124424589202194	-0.7480719705980861	-0.4216527636590264
_x_00100_y_02880_	0.1529193440010726	-0.1146206195958111	-0.0779704673471268	127.8527864538940975	45.7766904808125119	-30.2536959899244700	0.6024651980325827	0.7979429688982201	-0.0179639512762172	0.3513994018421219	-0.2449718203494023	0.9036079169748900	0.7166269221460777	-0.5507048443772700	-0.4279836782341664
_x_00100_y_03040_	0.1810524882948368	-0.0606776492202841	-0.0793628346103864	145.7879875738862268	58.3598912595905617	-52.6481630883095448	0.3182680174343830	0.9477939059760909	-0.0198035570787584	0.4170033044867389	-0.1212078183893390	0.9007868276170767	0.8513599198491363	-0.2949497864991285	-0.4338097628207452
_x_00150_y_00000_	0.2060416599111462	0.0024993817353852	-0.0425362741153819	-178.7869007425150585	75.0734658054632860	-91.8595110797805319	-0.0083581958774184	0.9999131780669560	-0.0101870942723667	0.2574446602619722	0.0119957741774535	0.9662185820529854	0.9662568951703648	0.0054532311451941	-0.2575225714491923
_x_00150_y_00160_	0.1949419592952665	0.0658560651719733	-0.0431498785103601	-130.5437968027472095	66.3867133779697554	-142.3543945444620817	-0.3171661104245160	0.9483406133115180	-0.0074658919170543	0.2446532062047818	0.0894234212084483	0.9654782547696746	0.9162698658648034	0.3043904283700617	-0.2603766503064087
_x_00150_y_00320_	0.1647718893247082	0.1229981672252215	-0.0434711030181503	-114.5102187667405218	50.8722155472264035	-160.6730573395686577	-0.5954893919706195	0.8033591250633974	-0.0025495544384349	0.2088518338072178	0.1578741979700499	0.9651200179929311	0.7757404820981207	0.5741862535734253	-0.2617954366322868
_x_00150_y_00480_	0.1179350939880745	0.1674225083538651	-0.0434708235415007	-108.4384380704806432	33.9590729415856245	-169.3817891296719722	-0.8152342139057915	0.5791302517302679	0.0011523923996984	0.1528351409261717	0.2132238915188706	0.9649751249558851	0.5586005694371281	0.7868568634868636	-0.2623388652261254
_x_00150_y_00640_	0.0604914475426115	0.1949080237100372	-0.0433516914710191	-105.9219604050432935	16.8365018866103533	-174.7699552439771082	-0.9531503608575216	0.3023765832485555	0.0085317934870869	0.0872474547015643	0.2477963841142787	0.9648755534616822	0.2896416255396925	0.9204158592303902	-0.2625688001875058
_x_00150_y_00800_	0.0027910210708066	0.2036698199631758	-0.0432452423171274	-105.2046360051336933	1.0241839611360870	-178.9426889210905642	-0.9996700047114190	0.0220852938689002	0.0131195074220278	0.0184495642383957	0.2619043239212103	0.9649174776584718	0.0178744303317800	0.9648411086319330	-0.2622253607762156
_x_00150_y_00960_	-0.0565557589117037	0.1953989027957972	-0.0429067989396152	-105.7079171303990108	-15.2296457018985532	176.5132091750534471	-0.9630945621214504	-0.2688756518420115	0.0124397853126733	-0.0586825241225367	0.2548526460777611	0.9651976430502570	-0.2626884576350852	0.9288466033924527	-0.2612254995049356
_x_00150_y_01120_	-0.1136259805495604	0.1695574823884993	-0.0419709768196753	-107.5989203412753596	-32.1310488343279701	171.3978083947631887	-0.8373075085296464	-0.5464854103336501	0.0164265776209915	-0.1266636152913950	0.2231223563981232	0.9665261210317404	-0.5318575605565744	0.8071989286215698	-0.2560418421098383
_x_00150_y_01280_	-0.1617262803140957	0.1248436959398071	-0.0409659710291179	-112.7867451964216201	-49.5270424218925243	163.3420927126533400	-0.6218489843295636	-0.7829308145941514	0.0179772146682553	-0.1860657803952375	0.1700044082599984	0.9677179478226491	-0.7607124069280071	0.5984294784944221	-0.2513937016209684
_x_00150_y_01440_	-0.1927497589752082	0.0686391389542597	-0.0399282774084130	-126.3201817383927761	-65.4128145061916655	147.2312761757714554	-0.3498637724889609	-0.9366501636824434	0.0167872443671876	-0.2252016106078204	0.1014860561850748	0.9690122883532715	-0.9093291897214324	0.3352417803222781	-0.2464414199093027
_x_00150_y_01600_	-0.2049747252489486	0.0057194989575393	-0.0395223829006074	-170.7379108988572227	-75.6646125614148843	100.2662841027316603	-0.0441276143357109	-0.9989532443039582	0.0120486243046428	-0.2436334417731804	0.0224569042597617	0.9696073604819747	-0.9688629932569381	0.0398510118524432	-0.2443693866906070
_x_00150_y_01760_	-0.1962961898649178	-0.0614112582726715	-0.0390726248229776	131.2239065239691627	-68.4559347326870409	39.6965278653668960	0.2825505702254599	-0.9592123037113460	0.0087710702904044	-0.2345490798624576	-0.0602181144635229	0.9702373461303850	-0.9301354226137946	-0.2761983618692005	-0.2419970258078155
_x_00150_y_01920_	-0.1681932076563531	-0.1193686631368479	-0.0391653340182088	113.7863838463461974	-53.1126570389020216	19.7192932394770715	0.5650434606510458	-0.8250455028104935	0.0050799476050279	-0.2025295350757430	-0.1327311334631672	0.9702392661769500	-0.7998172760058977	-0.5492561920468095	-0.2420949410887060
_x_00150_y_02080_	-0.1233978643120735	-0.1657312262621259	-0.0407292624734170	108.0275578528832909	-36.2051073154225094	10.8745100100946424	0.7924178128567959	-0.6099786844144459	-0.0001201135879775	-0.1522300427949319	-0.1979513528780897	0.9683187883979052	-0.5906775972879840	-0.7672947715537721	-0.2497172593321066
_x_00150_y_02240_	-0.0665783957231436	-0.1959023634925423	-0.0433080164313438	106.0904339427443119	-18.9451702413199250	5.0802628951276745	0.9421141277235083	-0.3352615450443613	-0.0045460706375032	-0.0837543338711076	-0.2484424079065631	0.9650189539648411	-0.3246631822390405	-0.9087772369332627	-0.2621407097922093
_x_00150_y_02400_	-0.0070185199781244	-0.2065066742245826	-0.0415317831464579	104.7125266358814031	-2.6961486592876893	0.2236391639739533	0.9988854299356726	-0.0464879480477731	-0.0081712023921976	-0.0038989091139210	-0.2537898934052247	0.9672515125411210	-0.0470393066482502	-0.9661415841850878	-0.2536882790717375
_x_00150_y_02560_	0.0573628117632822	-0.1980001098665043	-0.0376439177000809	104.1012542726994923	14.9666042872367981	-4.2864855759544156	0.9633742009735060	0.2679834886447514	-0.0097467282945658	0.0722079571823095	-0.2242334425869109	0.9718566633743788	0.2582559966742641	-0.9369654278784304	-0.2353712538573299
_x_00150_y_02720_	0.1202888917478890	-0.1677202792607196	-0.0382852821847673	106.6417434817205816	33.8449954213416007	-10.2598508929079504	0.8172669660106064	0.5760963514342007	-0.0137003697767680	0.1479310543873452	-0.1867627137107107	0.9712034245796601	0.5569480311623941	-0.7957591863319029	-0.2378575370946240
_x_00150_y_02880_	0.1670065972370778	-0.1214697781948824	-0.0391916416079460	112.7222678680577985	51.1907823569200460	-18.8688288398732062	0.5930496596761639	0.8050529369056147	-0.0134859162695887	0.2026858861098578	-0.1330586732130230	0.9701617499441275	0.7792371479401176	-0.5780875005243009	-0.2420832687480030
_x_00150_y_03040_	0.1975070028474624	-0.0603819685923732	-0.0409186570589415	130.7708592210802578	67.4785181553010887	-39.2467109502393967	0.2966293666781687	0.9549176515022328	-0.0119707006297756	0.2423279645161774	-0.0631387467422828	0.9681377258806003	0.9237359884932250	-0.2900789160026509	-0.2501320572281213
_x_00200_y_00000_	0.2136059215271557	0.0048806527089024	-0.0012151493283059	-163.8640313741389321	86.3224996011454948	-106.3692144634109837	-0.0180764386911401	0.9998304346568325	-0.0035134453423412	0.0615405320476901	0.0046199653794556	0.9980938927952521	0.9979408826576517	0.0178257637654263	-0.0616136094271914
_x_00200_y_00160_	0.1996099427211707	0.0753746100451337	-0.0020310450181724	-100.6389980152769681	69.2521144803669699	-170.3843254323127496	-0.3492793561970972	0.9369990779825899	-0.0060546836678219	0.0591744725609965	0.0285059305614381	0.9978405652808239	0.9351482840339653	0.3481668275160661	-0.0654029593040581
_x_00200_y_00320_	0.1616397821984787	0.1386854134514721	-0.0025013978002743	-95.9960651931875191	49.5782823522116871	-175.5759494538056060	-0.6464765527410128	0.7629295184904676	-0.0025722698146382	0.0500166410053863	0.0457459553737843	0.9977001770018274	0.7612925865780095	0.6448611148013512	-0.0677328593706379
_x_00200_y_00480_	0.1106154451789772	0.1812680147021843	-0.0028394869331043	-94.6907264626174054	31.6382271379457052	-177.2921705049581362	-0.8504265233031184	0.5260767855827948	0.0042360516338599	0.0402215671554652	0.0569874097939774	0.9975643641693160	0.5245540525037715	0.8485255746268621	-0.0696232375433916
_x_00200_y_00640_	0.0596339162298263	0.2037742962499982	-0.0038546525595791	-94.4530793262982655	16.5839896784512035	-177.9249043189878705	-0.9577738733779139	0.2871837399579361	0.0139537442445015	0.0347031122228716	0.0672880672276628	0.9971298862288767	0.2854205694702386	0.9555091917467551	-0.0744129223370965
_x_00200_y_00800_	-0.0046650608865586	0.2114135459755945	-0.0034057001128673	-94.1694679577298785	-0.9770524164518568	-179.2590856610116532	-0.9997710076799212	-0.0160652296375556	0.0141364988369936	0.0129291541837749	0.0729205700377297	0.9972539433050465	-0.0170519551596848	0.9972083527839427	-0.0726961619562339
_x_00200_y_00960_	-0.0630313772579830	0.2019094256424542	-0.0028105665252757	-94.1893221795992730	-17.0171067330886743	179.7955548074809826	-0.9562113328257456	-0.2921340759369149	0.0178204560013684	-0.0034120076799416	0.0720103888524673	0.9973980459680620	-0.2926572144663514	0.9536625113601773	-0.0698539136125875
_x_00200_y_01120_	-0.1203916590988549	0.1737856342454550	-0.0017420788893631	-94.4973788433586037	-34.2937009415002620	178.7665222485392462	-0.8259688021930042	-0.5632581791723230	0.0227103808715964	-0.0177844087959937	0.0663038278935387	0.9976409761083600	-0.5634352248552013	0.8236164313575479	-0.0647821070221244
_x_00200_y_01280_	-0.1684594327754494	0.1282673687489939	-0.0002210052741886	-95.3803274085626072	-52.1547438208787071	176.9490522074794399	-0.6126613643104384	-0.7900678068713574	0.0209502560069220	-0.0326545260509767	0.0517893776870041	0.9981240114771206	-0.7896706494543526	0.6108278979420272	-0.0575286405720269
_x_00200_y_01440_	-0.2005458923174596	0.0690684654607200	0.0007656503189038	-98.9575007938436926	-70.2405479454703823	172.9670603797463855	-0.3355282995707354	-0.9417118717598869	0.0244849091005157	-0.0413935137389692	0.0407049223777932	0.9983134208827202	-0.9411202565068468	0.3339488881261733	-0.0526384166914231
_x_00200_y_01600_	-0.2118235268421197	0.0002274584313619	0.0018594768588354	-165.9139081924419656	-87.1755909222947452	105.0806979277640920	-0.0128204037785083	-0.9997724120324651	0.0170517267671693	-0.0475782515868363	0.0176437464884830	0.9987116742012130	-0.9987852357853997	0.0119925955754513	-0.0477936233034069
_x_00200_y_01760_	-0.2013126339062991	-0.0685989320071870	0.0030137792506942	97.7035803273300303	-71.7376178094632024	8.2699281246801863	0.3101104451821438	-0.9505561934602529	0.0165660756754916	-0.0450740076744807	0.0027050031488460	0.9989799881830093	-0.9496314261970771	-0.3105408282856181	-0.0420065274283451
_x_00200_y_01920_	-0.1702921881825815	-0.1278693769901078	0.0034685319286730	93.8679751574422880	-53.7798349771455264	3.8898511525763397	0.5895284114405408	-0.8076366873958426	0.0133878032799312	-0.0400851074358881	-0.0126979705190384	0.9991155817554599	-0.8067524008431870	-0.5895436732905941	-0.0398600177720348
_x_00200_y_02080_	-0.1222096811234140	-0.1744613760413070	0.0034961585545145	92.8100704313183655	-35.7416633593713939	2.1269151717189332	0.8110998064055530	-0.5848467187720922	0.0084510112052891	-0.0301232195623845	-0.0273386532613035	0.9991722522573646	-0.5841315739557926	-0.8106829920378091	-0.0397918424875439
_x_00200_y_02240_	-0.0627120404877650	-0.2037226840955252	0.0034000511608332	92.4212559175881836	-17.8322120320160238	0.9830617235922243	0.9518172607860829	-0.3066369337296058	0.0042062979666277	-0.0163325633063188	-0.0369908405233555	0.9991821280893795	-0.3062305494974724	-0.9511074958122665	-0.0402166876333094
_x_00200_y_02400_	0.0056348209753247	-0.2132813146633623	0.0025865132691658	92.5254757495584101	0.7739605994321539	-0.0498236862746898	0.9999083881274233	0.0135329422790387	-0.0002735428506352	0.0008695079256154	-0.0440518441348328	0.9990288679434079	0.0135077499379509	-0.9989375828857335	-0.0440595754634696
_x_00200_y_02560_	0.0719194827271401	-0.2007857654730826	0.0020863809388417	92.8172405675131813	19.0322590220608951	-1.1586536824880289	0.9451418351918139	0.3266335976366948	-0.0041718419385488	0.0191155679883489	-0.0425541743278391	0.9989112759938987	0.3261004545086276	-0.9441925837148821	-0.0464635171621895
_x_00200_y_02720_	0.1294735913322783	-0.1697716457319799	0.0015754373317835	93.4886496569656202	36.7199226466722166	-2.4363561690744548	0.8008432208083710	0.5988431844353139	-0.0060808009873203	0.0340743450634370	-0.0354262319443648	0.9987912299868887	0.5979039008852286	-0.8000823848489579	-0.0487760469967658
_x_00200_y_02880_	0.1759157824197454	-0.1215795676612985	0.0009032804467354	95.1566020313703547	54.7822413474196495	-4.5949980735589335	0.5748320211720682	0.8182448518578993	-0.0065961991539973	0.0461993788838720	-0.0244055225606554	0.9986340610350148	0.8169661956445813	-0.5743515760199367	-0.0518314797920623
_x_00200_y_03040_	0.2044542801697491	-0.0613069264806808	-0.0001066945188016	100.9580251279471952	72.6485528823260012	-10.7443188984510165	0.2930037147193100	0.9560994098366256	-0.0047688227835594	0.0555983942620414	-0.0120588265004722	0.9983803900612803	0.9544933953234921	-0.2927943018801549	-0.0566908729015954
_x_00250_y_00000_	0.2122651770978657	0.0042993005684874	0.0424653859024822	-5.4464835612226503	81.6877658364062995	95.2141390666157434	-0.0131380525820498	0.9999011632008741	-0.0050055373227443	-0.1439692677349199	0.0030621935642061	0.9895774213867485	0.9894949426461073	0.0137217637391639	0.1439148070132610
_x_00250_y_00160_	0.2004297957574432	0.0695275672278375	0.0416050340166228	-66.3422429729821204	69.6081913482378525	157.6556938669878036	-0.3222759266934960	0.9466457170482145	-0.0003368502926928	-0.1324662137815242	-0.0447444377575230	0.9901770738085944	0.9373318138632856	0.3191548553352027	0.1398186290725580
_x_00250_y_00320_	0.1705454414231385	0.1259825596649858	0.0414424578669279	-76.6169788903787747	53.0449341582506122	169.1314061262013695	-0.5904045194233523	0.8071054991041267	-0.0017935329265891	-0.1133583999679728	-0.0807220749324165	0.9902695692463270	0.7991072372348921	0.5848629411532954	0.1391508658411252
_x_00250_y_00480_	0.1223913257499109	0.1724016169227844	0.0412196748976148	-80.2656563869931574	35.2388737431247421	174.8235048667434057	-0.8134224823326233	0.5816150485100293	0.0082341109118909	-0.0736907975121562	-0.1170820587095942	0.9903845000252910	0.5769865956829990	0.8049942402744248	0.1380968556019473
_x_00250_y_00640_	0.0631200513343396	0.2009947789732014	0.0412469801820135	-81.6532240583843389	17.5407878143648190	178.1701456370561232	-0.9530164110142059	0.3026755236187118	0.0121345679668227	-0.0304468216889012	-0.1355682278482266	0.9903000790907447	0.3013846568534091	0.9434027681749875	0.1384142536486866
_x_00250_y_00800_	-0.0053195627103516	0.2099582066499304	0.0419873717697375	-81.8344261462505784	-1.1425701927643150	-178.8285518857640284	-0.9995922096614773	-0.0226377810742200	0.0174053225227620	0.0204401373136607	-0.1416009852180505	0.9897127673077053	-0.0199402901354113	0.9896649391856378	0.1420059610579870
_x_00250_y_00960_	-0.0696983639402988	0.1979042287577445	0.0424714546344075	-81.2340758271948431	-18.8054610861472291	-176.0499310918585536	-0.9443698106827091	-0.3283319838328678	0.0190727308867470	0.0652098137968311	-0.1300892660189373	0.9893555796836830	-0.3223559226316273	0.9355612707134831	0.1442628430514417
_x_00250_y_01120_	-0.1280265244295156	0.1667337244926469	0.0430171513972421	-79.4935124792923062	-36.5595116359281960	-172.6010055473036289	-0.7965503717841494	-0.6042764434378897	0.0189072768157762	0.1034396151691399	-0.1054069074416842	0.9890346959926334	-0.5956574109538084	0.7897717162380749	0.1464680340762827
_x_00250_y_01280_	-0.1740038401856736	0.1189454953182982	0.0437997084858480	-75.1898638634282150	-54.1296113427300511	-166.7793924655960325	-0.5704239367483823	-0.8211199811646641	0.0194553056161756	0.1340081953793257	-0.0696723618137914	0.9885279791540877	-0.8103445785316605	0.5664871918511742	0.1497795897741631
_x_00250_y_01440_	-0.2024302832436986	0.0587385302516074	0.0445028832667025	-61.9270349906146222	-71.0236440336028352	-152.2395132824037773	-0.2877507430620556	-0.9575512637492329	0.0171781011605225	0.1514602409307817	-0.0277892014724445	0.9880726469742565	-0.9456528460721858	0.2869204377066401	0.1530273084838295
_x_00250_y_01600_	-0.2103361924089455	-0.0109296220961880	0.0455620444591032	13.6175292532971408	-80.6295304763458347	-75.1706564886019635	0.0416716423546066	-0.9989722660302935	0.0178293557306294	0.1573944046727426	0.0241855859881269	0.9872396157003244	-0.9866562094271659	-0.0383336553528422	0.1582404981858526
_x_00250_y_01760_	-0.1937206005814981	-0.0835525318684180	0.0463083573634711	66.9956766703276685	-65.5744772250129273	-19.9523078137168142	0.3886899394753423	-0.9211435245839651	0.0203651188968824	0.1411052785396990	0.0813547153185258	0.9866461932545403	-0.9104995504221235	-0.3806258233652455	0.1615999729846521
_x_00250_y_01920_	-0.1584773809396098	-0.1391221950120328	0.0470721360798207	75.5606446716749218	-48.4813136264442548	-9.8544724255255201	0.6530841323502615	-0.7570664513666653	0.0182072591949124	0.1134467499078616	0.1215798620644568	0.9860771633476413	-0.7487395748907962	-0.6419257942749078	0.1652886070994566
_x_00250_y_02080_	-0.1075841952225473	-0.1815160515407400	0.0471193351255699	78.8780683794147279	-30.8630188655319344	-5.1134973105410575	0.8549798545419114	-0.5185423060914207	0.0111051844146642	0.0765079374664876	0.1472665541421004	0.9861334075751291	-0.5129873135196588	-0.8422745626127519	0.1655825393674719
_x_00250_y_02240_	-0.0461082937160396	-0.2058976567452896	0.0473198767580764	80.1441572532672524	-13.1302375906205775	-1.8453538166488392	0.9733511593486939	-0.2292086033547820	0.0071369981577828	0.0313600516819109	0.1638738637867588	0.9859827097500780	-0.2271652872977336	-0.9594835970019228	0.1666948089509362
_x_00250_y_02400_	0.0199001732005903	-0.2100355390788344	0.0470791951287145	80.4261695788141253	4.6600455531404412	0.9120667166446689	0.9965680043281273	0.0827492345975779	0.0021856172970981	-0.0158652748632167	0.1650220945684111	0.9861622591428699	0.0812434969887990	-0.9828124299568910	0.1657685788057003
_x_00250_y_02560_	0.0770861650234861	-0.1962539514662770	0.0467838843370897	79.8823109995963279	20.4870267450363386	3.4904750264162483	0.9350137250151407	0.3546086259525630	-0.0014340269685660	-0.0570318707160704	0.1543675292346555	0.9863660738491633	0.3499952853338698	-0.9221840316975901	0.1645597518412094
_x_00250_y_02720_	0.1288274080658452	-0.1674559691972712	0.0457700577587255	78.5548967548989481	36.3812037793760581	6.3295437586185432	0.8001808030912488	0.5996924132686626	-0.0089270281870105	-0.0887584377819208	0.1331262738408571	0.9871166774681512	0.5931548044876291	-0.7890794666453156	0.1597528504659194
_x_00250_y_02880_	0.1752860395708986	-0.1190258057203199	0.0443505934470099	74.7807920265629633	54.3713058552932083	12.0613154606040638	0.5696704854374013	0.8218431003042830	-0.0070325318171713	-0.1217245251167703	0.0928309927185996	0.9882133103616729	0.8128091276595097	-0.5620999246336214	0.1529215377906741
_x_00250_y_03040_	0.2035608514934511	-0.0599993605765278	0.0434438799826693	62.5923487182139624	71.1755766329357868	25.6869797747157520	0.2907815853884320	0.9567573504922460	-0.0078384869743396	-0.1398623513129232	0.0506091683352314	0.9888767540829528	0.9465118025065568	-0.2864508410870406	0.1485305468794769
_x_00300_y_00000_	0.2030455969365987	0.0032073102952538	0.0837548304986994	-2.9821465346669780	70.2937979962359094	94.3293903657496742	-0.0254550922051170	0.9994935526638229	0.0190965039805291	-0.3362349881186262	-0.0265498603787216	0.9414038122287044	0.9414340502901395	0.0175426080535296	0.3367405319485373
_x_00300_y_00160_	0.1909044417635260	0.0649020230782224	0.0845949416328345	-41.9370156702566987	62.7077553491842892	136.6117370526908985	-0.3332202846942440	0.9426079235589142	0.0213200448460693	-0.3149814813057208	-0.1326050316219667	0.9397885783637675	0.8886793056568499	0.3064411983276539	0.3410907264420576
_x_00300_y_00320_	0.1605845155597633	0.1197305792925531	0.0860628783433399	-58.3479905641050749	48.5467723131747206	156.9882222740631050	-0.6093287899758555	0.7923784923022958	0.0292361188138857	-0.2587925607894873	-0.2335900016429467	0.9372631015955272	0.7494963883746075	0.5635353015288282	0.3473947721889787
_x_00300_y_00480_	0.1139488606701765	0.1620625111863890	0.0874875762247686	-65.1379905839667828	32.3957456645567419	167.5073691532574571	-0.8243763216461077	0.5655476815908738	0.0236537556515031	-0.1826485945962553	-0.3053273696592343	0.9345665777401767	0.5357641003289099	0.7661142324641674	0.3550011431173050
_x_00300_y_00640_	0.0572668491551554	0.1889950369476517	0.0875570561733390	-68.3174022683133160	15.7972963635516894	174.8696471073865268	-0.9583759833856700	0.2849976061192425	0.0170832952281228	-0.0860445533137893	-0.3453630795330459	0.9345162802971820	0.2722348422127130	0.8941480346126984	0.3555101726866158
_x_00300_y_00800_	-0.0010437545908879	0.1995281263631045	0.0848388256886190	-69.9340483831340123	-0.0513078654703020	-179.0613997735759142	-0.9998654226394557	-0.0064613437604963	0.0150793781977970	0.0163809250586196	-0.3430417564765037	0.9391773094617111	-0.0008954910649440	0.9392979316225086	0.3431014336102792
_x_00300_y_00960_	-0.0626924110977379	0.1903392070888951	0.0833016422640145	-69.4541499011857724	-16.8082095484348244	-172.7955208746251117	-0.9497202683347388	-0.3126513740285471	0.0167490367560009	0.1200530016662197	-0.3142278306353112	0.9417261530005191	-0.2891689622091611	0.8963871868630688	0.3359632755564059
_x_00300_y_01120_	-0.1189082859077537	0.1623923683780033	0.0841142143386643	-66.0867799311345152	-33.3699163274358597	-165.0242686536015242	-0.8067716688374659	-0.5904957029552321	0.0208398453117246	0.2158076015149174	-0.2616494241577115	0.9407266648534613	-0.5500423197260276	0.7634490183563951	0.3385248039377127
_x_00300_y_01280_	-0.1636511538952245	0.1177051200042466	0.0843618933208863	-58.6290800322747074	-49.3248563492897105	-153.8529132029588027	-0.5850710891248782	-0.8106877244171502	0.0218456894963561	0.2872198283105815	-0.1819439938068191	0.9404260488432168	-0.7584171615248889	0.5564906078245763	0.3392957596368756
_x_00300_y_01440_	-0.1923305541053181	0.0614064057694875	0.0850250513275342	-40.8506812927504370	-63.1299743880265396	-132.8591851865925548	-0.3074281909921146	-0.9513503930540753	0.0205021223089604	0.3313051049749778	-0.0868138058256831	0.9395213092503969	-0.8920340995729006	0.2956277942851726	0.3418762531168970
_x_00300_y_01600_	-0.2016583782684046	-0.0011844956874562	0.0854789040682299	-0.9131618058879382	-69.8392000831993585	-89.6151874035701042	0.0023147775528660	-0.9997499689724800	0.0222405338156476	0.3446482556371854	0.0216755358067244	0.9384816199765112	-0.9387290459398423	0.0054927849963039	0.3446122569234275
_x_00300_y_01760_	-0.1912995734820857	-0.0637844474596919	0.0859950575556951	39.4550910620762068	-63.2842375489051818	-46.0307312803263216	0.3121204205236753	-0.9497996959768067	0.0214797722168765	0.3235572764824074	0.1275297631476963	0.9375749827863262	-0.8932477438691977	-0.2856863613017906	0.3471192461370176
_x_00300_y_01920_	-0.1625282186349638	-0.1203005536802545	0.0861102770546956	57.6519539111818844	-49.5039434963723366	-24.4600049794339576	0.5911127853647132	-0.8063266337531667	0.0205678068509110	0.2688874552267476	0.2210325725637864	0.9374668731680701	-0.7604506633569693	-0.5486182293417894	0.3474662962559469
_x_00300_y_02080_	-0.1176106556464589	-0.1648686093301246	0.0859865767565464	65.3818404652197387	-33.6004572018448613	-13.2853101561791629	0.8106261567691124	-0.5853602586918831	0.0154467312370744	0.1914044696250085	0.2898089503324026	0.9377500206957077	-0.5533981956686416	-0.7572081218868443	0.3469672854597239
_x_00300_y_02240_	-0.0614246688839402	-0.1934088680333604	0.0853807971949777	68.8736604414943088	-17.0455172646718154	-5.5131390174321915	0.9516495810178671	-0.3067920742053732	0.0155466444380508	0.0918536920310114	0.3324889438853122	0.9386234609545522	-0.2931313258742415	-0.8918126066606109	0.3445929488431461
_x_00300_y_02400_	-0.0003497902867805	-0.2038165474334051	0.0842111464824219	70.1526225903561311	-0.5001881718185615	0.8238851115145351	0.9998585149967585	-0.0033285204070362	0.0164885093436901	-0.0143784643959090	0.3395987806259073	0.9404604871864699	-0.0087298195910673	-0.9405645055759313	0.3395028734791661
_x_00300_y_02560_	0.0620165080992394	-0.1941825094961222	0.0839431112285539	69.3560995450566509	16.3875023328770482	7.1841990044748600	0.9518436988787631	0.3060345332722958	0.0183422285887761	-0.1199791440109419	0.3167731107076978	0.9408824588305227	0.2821321993449111	-0.8977737247087241	0.3382362507411453
_x_00300_y_02720_	0.1188556003478888	-0.1652745554626971	0.0840261560511037	66.1320337772895499	33.1947283787383256	14.4416573643141319	0.8103730970154349	0.5857578112543874	0.0135362545810235	-0.2086965942312538	0.2669819333985299	0.9408328112874562	0.5474862328770367	-0.7652505692864604	0.3386006364684795
_x_00300_y_02880_	0.1643287697908504	-0.1197863335318161	0.0840977988063038	58.5900839914590250	49.4840407507379965	25.7811448818774984	0.5849939554225081	0.8109091024473036	0.0144395182480890	-0.2825596642483889	0.1870870400572059	0.9408286111627723	0.7602250379058604	-0.5544590760468632	0.3385749912948269
_x_00300_y_03040_	0.1952966588764749	-0.0593637898922729	0.0836856064158510	39.0806659826245024	64.3744178544888683	48.7890696159043813	0.2849376029864889	0.9584561026849086	0.0131324647484694	-0.3253563435385972	0.0838193763366869	0.9418691851152807	0.9016395133996230	-0.2726466786457972	0.3357230651890139
_x_00350_y_00000_	0.1859134263189300	0.0031165081189839	0.1219804201370339	-2.0012516280495367	59.0586865646344918	93.3867191944180917	-0.0303739849134971	0.9994140813755193	0.0157770399251772	-0.5132618754122468	-0.0291394361818478	0.8577372211273727	0.8576943909626425	0.0179551443138174	0.5138462265151824
_x_00350_y_00160_	0.1743923615511264	0.0591107690989709	0.1233110476596999	-28.1877022287260353	53.8367198213019407	125.1393242542895905	-0.3396351884054970	0.9402687843694691	0.0232927443020917	-0.4825476507525605	-0.1954516920506019	0.8537835796194149	0.8073386548097075	0.2787350878790048	0.5201067652272329
_x_00350_y_00320_	0.1459958314266045	0.1079716245724355	0.1251140061773927	-43.9353589039773738	42.7836962898105284	146.9195427225068045	-0.6149578478458579	0.7879451770237723	0.0311326737972597	-0.4005871540408538	-0.3461607690241245	0.8483529065230320	0.6792324914123591	0.5092299284150545	0.5285149975319129
_x_00350_y_00480_	0.1032741660174393	0.1436596424097577	0.1285784227972702	-51.4307528423507989	28.9856263635611633	161.1088616245020546	-0.8276237524033012	0.5603295365736536	0.0327068020606405	-0.2832159436467869	-0.4672074518870010	0.8375595060445051	0.4845901915249005	0.6839210534443354	0.5453662429353786
_x_00350_y_00640_	0.0522251874905796	0.1677888729424229	0.1292268947134842	-55.5131787414087015	14.2570237687031209	172.2467610301430625	-0.9603405581572432	0.2775222401414091	0.0269706986399955	-0.1307519085811758	-0.5336555185420908	0.8355331985815716	0.2462721071510442	0.7988699479617853	0.5487776011126170
_x_00350_y_00800_	0.0011126733570992	0.1815117941415505	0.1238499698617885	-58.3997409078758949	0.0530763039790339	-177.4650557225170928	-0.9990210039821279	-0.0223871531168907	0.0381555890776477	0.0442286724520181	-0.5235118946536071	0.8508696261409983	0.0009263561267336	0.8517241992168068	0.5239895326557732
_x_00350_y_00960_	-0.0551760425021406	0.1796872573181252	0.1167434416913197	-59.4064738268285666	-15.0178292753036580	-168.4045623822661071	-0.9461335540500726	-0.3207956030345304	0.0438346777596320	0.1941348144063956	-0.4537242078824760	0.8697390511048783	-0.2591196089375971	0.8313991365494258	0.4915612922198976
_x_00350_y_01120_	-0.1076609567149837	0.1543110161655319	0.1178053979237624	-55.1535604339494867	-29.9403006822423308	-157.8208079345625379	-0.8024282208941065	-0.5949931324374572	0.0457397274257470	0.3271249940036545	-0.3744745642616332	0.8676162971147839	-0.4990973738769107	0.7111624097724243	0.4951260832513770
_x_00350_y_01280_	-0.1490508663935496	0.1123731501665729	0.1202137293226702	-45.7624405826546194	-43.6161745224533135	-143.0394866067461521	-0.5784939983981574	-0.8143750085554875	0.0462389365963561	0.4353017495843922	-0.2602842439605283	0.8618378612910107	-0.6898239490087892	0.5186959203484685	0.5050717390507755
_x_00350_y_01440_	-0.1748764557539642	0.0603247552069751	0.1224311131225588	-28.5552788874413075	-54.0750846212825280	-120.7996164259632650	-0.3004247467102652	-0.9526768392228542	0.0463876230521063	0.5039748721791284	-0.1172607894953317	0.8557214707245360	-0.8097865766830818	0.2804581024953331	0.5153532312585344
_x_00350_y_01600_	-0.1836592744784874	0.0031185258093682	0.1243453222377037	-1.9365145125590537	-58.3699621288820936	-89.2525119551952741	0.0068416173561044	-0.9989684749413048	0.0448907378575558	0.5243877311528146	0.0418082299650691	0.8504525732359166	-0.8514521123870424	0.0177216810893049	0.5241328479794151
_x_00350_y_01760_	-0.1739268995965873	-0.0542099480898687	0.1258493185940006	24.9598729582230661	-54.0951518582959707	-57.4454798246941891	0.3155649607843849	-0.9480827641837947	0.0394693271131426	0.4942991820482934	0.1997460722314188	0.8460318110180663	-0.8099920210418983	-0.2474683391582354	0.5316693963006768
_x_00350_y_01920_	-0.1475445885430224	-0.1049318789002368	0.1274668008478452	41.8860056581130280	-43.5883441675306784	-35.2610057845261622	0.5914230807183311	-0.8056575484183761	0.0336846295827952	0.4181468787964363	0.3421388773631926	0.8414833191153896	-0.6894722092633159	-0.4835875342408498	0.5392320181335836
_x_00350_y_02080_	-0.1068525776914135	-0.1441556068701443	0.1291075494204290	50.7083089970041172	-30.2054549705920543	-20.3049824049616383	0.8105227768008956	-0.5849263151337677	0.0302329977176955	0.2999016087433877	0.4587995172109220	0.8363982472961985	-0.5031022295320251	-0.6688529052572443	0.5472878015896655
_x_00350_y_02240_	-0.0576979577463502	-0.1701505880375156	0.1289792226914399	55.3410120614037808	-15.9253494879260860	-9.0945377019238833	0.9495313668543880	-0.3127477670243871	0.0240627841468534	0.1519974387911051	0.5258674922587689	0.8368752351374833	-0.2743846970233266	-0.7909818043461760	0.5468645382841023
_x_00350_y_02400_	-0.0016141358968799	-0.1806682266090915	0.1279176382045629	57.1347771004612994	-0.7076357656435864	0.9520534999166229	0.9997856928271885	-0.0013554053013941	0.0206574755119810	-0.0166144363493164	0.5427621712452514	0.8397220885328283	-0.0123502600318233	-0.8398853423781180	0.5426233341237153
_x_00350_y_02560_	0.0550213512362477	-0.1781134373870219	0.1225755885619223	57.6962324578441681	14.4507980854098186	10.2309951482939798	0.9529650105227411	0.3024913032083151	0.0188865084842970	-0.1719977334263887	0.4884467576717658	0.8554744558524959	0.2495485291793508	-0.8184856604750468	0.5175004880974979
_x_00350_y_02720_	0.1087467389221971	-0.1527830534699131	0.1212217228992792	53.9088401428651309	29.8202999776362105	21.0302672077835240	0.8098000493248478	0.5864720228539932	0.0165664275877200	-0.3113440361331551	0.4056282006773888	0.8593780623099128	0.4972813803851810	-0.7010822556767278	0.5110723035906370
_x_00350_y_02880_	0.1511905779625811	-0.1097993527202650	0.1215863000752319	44.5112196373566888	44.0440723006629895	36.2734238222931040	0.5795028036778883	0.8148306894835169	0.0150813794224101	-0.4252734301118830	0.2865623050447362	0.8585013424382753	0.6952114859309654	-0.5039176448619982	0.5125895014789090
_x_00350_y_03040_	0.1777744119008791	-0.0571054049726349	0.1223300745122010	26.8192574383798217	54.7974706111520362	59.3295226837687508	0.2940564077084598	0.9556526771511756	0.0160869431336768	-0.4958292378293876	0.1381353408583365	0.8573633970023911	0.8171194502636232	-0.2600895773762207	0.5144601206518673
_x_00400_y_00000_	0.1585695360488407	-0.0171954426823632	0.1585082696155351	3.7824918582835276	46.9110742338989439	93.2295465343618730	-0.0384852181332437	0.9935228725926855	0.1069167415347759	-0.6820477134031616	-0.1043139289569985	0.7238297595892788	0.7302943273959861	-0.0450655728991841	0.6816445477758279
_x_00400_y_00160_	0.1491892400577399	0.0317570068990206	0.1626014103985776	-14.3915660208969101	43.6310150590158230	118.4228901001519176	-0.3445104015562549	0.9334909142465747	0.0995354019364040	-0.6365506933992318	-0.3102118081812244	0.7060962036421755	0.6900114476967072	0.1798981575337231	0.7010854833495462
_x_00400_y_00320_	0.1244713690809464	0.0751810003016405	0.1667375760088589	-27.8780018536237471	35.3433368046265599	139.2703231641583557	-0.6181347984431282	0.7817421258925205	0.0823930795559657	-0.5322370917982672	-0.4933587503020448	0.6879831550369001	0.5784747609600589	0.3814136758238307	0.7210343672993379
_x_00400_y_00480_	0.0884047704153684	0.1066204169772843	0.1701835604243724	-35.7491905444292968	24.4346578697775989	155.7886066380750947	-0.8303505805843103	0.5532487144690816	0.0665865846969741	-0.3733728314475218	-0.6410830776915023	0.6705260742390644	0.4136552212412650	0.5319100933765956	0.7388917447799384
_x_00400_y_00640_	0.0513326407750431	0.1308800941098904	0.1685428953989036	-41.2384166149970568	13.4375777625453452	170.5477645676614316	-0.9594182188355336	0.2746004990168690	0.0641190089297983	-0.1597294466828941	-0.7166062020731466	0.6789418642363104	0.2323858541926114	0.6411475002602650	0.7313868317663257
_x_00400_y_00800_	0.0081917533359029	0.1617221868013882	0.1539193486914280	-48.3859780032371845	1.1674075188789177	-174.9888391313512557	-0.9959709298913401	-0.0428359238754375	0.0787844555551245	0.0873316629651101	-0.6629012987391589	0.7435960252540924	0.0203736951760875	0.7474804022552523	0.6639713553981059
_x_00400_y_00960_	-0.0409770434500130	0.1569311245499679	0.1540791415210451	-47.2952405582177633	-11.8040720202848455	-163.1989426939056784	-0.9370697001172617	-0.3399492461306990	0.0795920044810747	0.2829368912046846	-0.6058184349242185	0.7435931276588015	-0.2045656195883720	0.7193181034571138	0.6638782820075424
_x_00400_y_01120_	-0.0875678430450823	0.1423609230410816	0.1511296023199088	-44.5605817686022689	-24.3852753231029737	-150.3245035743159121	-0.7913336365196787	-0.6044543436704144	0.0917933664842373	0.4509203127457991	-0.4756339375726253	0.7552769220507078	-0.4128703758636267	0.6390675268288382	0.6489458751599395
_x_00400_y_01280_	-0.1229515534406427	0.1068373225396641	0.1552087957578333	-35.5512622156146350	-35.0542093795557790	-133.6550644902638112	-0.5650982307886993	-0.8191713382105013	0.0980933647801834	0.5922707845068279	-0.3200248237891202	0.7394588764619772	-0.5743512056043321	0.4759647369429359	0.6660167128591385
_x_00400_y_01440_	-0.1454102457747072	0.0614161020615842	0.1587364533888136	-21.5155626628788994	-42.7892510618650519	-112.6319685679515601	-0.2823959090522458	-0.9545500667866660	0.0953242914902944	0.6773471143766920	-0.1280433833429246	0.7244347994317126	-0.6793036413829422	0.2691450575055533	0.6827206609032770
_x_00400_y_01600_	-0.1526016785067201	0.0124546829142813	0.1626241484896080	-3.6159959080564290	-45.4508864995112631	-87.7676537125729084	0.0273255777298729	-0.9955010147842553	0.0907250922581249	0.7009880054059960	0.0837864670182850	0.7082341732940578	-0.7126493731693397	0.0442442935089987	0.7001237843504796
_x_00400_y_01760_	-0.1460786958604451	-0.0343016943042008	0.1647290966602367	13.7245976509413889	-42.9954664529021429	-63.0695915698789946	0.3312603427736774	-0.9393787261421273	0.0885109833696324	0.6520918296672695	0.2957276597598781	0.6980840901597306	-0.6819404893292809	-0.1735302859000103	0.7105240382202433
_x_00400_y_01920_	-0.1308867117637616	-0.0780749551910937	0.1633860588191050	27.9463731480612552	-37.1064498843379340	-41.9120444032052433	0.5934884068427824	-0.8004938786217516	0.0835527452111564	0.5327319330407065	0.4685286561174303	0.7047535639608409	-0.6032977693162216	-0.3737518544246948	0.7045149770247423
_x_00400_y_02080_	-0.0971464138669578	-0.1124606997213702	0.1660270446993309	36.6869040009751686	-26.5813344491411776	-24.9316357108018671	0.8109614898487767	-0.5804586449242315	0.0735474235781087	0.3769801800697676	0.6144912528109362	0.6930270153849786	-0.4474677707017783	-0.5342922999179101	0.7171501463651881
_x_00400_y_02240_	-0.0582658060489829	-0.1348729251516461	0.1670318980243296	41.5121222105149101	-15.2855011411561676	-10.7081085279770498	0.9478266892381703	-0.3108191561226366	0.0708238614805883	0.1792326418767939	0.7033106413175527	0.6879170021851165	-0.2636289575400899	-0.6393321468506833	0.7223255351637661
_x_00400_y_02400_	-0.0161989739457516	-0.1455306844162481	0.1672840108786311	43.4905762780388443	-3.5246247282910161	2.4313718164811577	0.9972099231599696	-0.0114957548882704	0.0737578251498565	-0.0423424647439030	0.7266294062702382	0.6857235752274906	-0.0614775148383483	-0.6869334418725799	0.7241152957964576
_x_00400_y_02560_	0.0377946974547150	-0.1545061010772332	0.1592995481943095	45.6253089829121237	11.0459946684134316	17.2526451590235368	0.9373135146718878	0.3382045841434265	0.0840299617862903	-0.2910910279259352	0.6272639979020582	0.7223613295276462	0.1915969432805647	-0.7015394045955634	0.6863913425482915
_x_00400_y_02720_	0.0879691856583965	-0.1542449319339427	0.1453121871979788	46.7835682978176166	24.4904997868102221	30.5040034560940860	0.7840761262067583	0.6078747004150873	0.1253514136652300	-0.4619299331759208	0.4366325012208100	0.7719927433038141	0.4145423562782141	-0.6632046497672692	0.6231486398752546
_x_00400_y_02880_	0.1223695997001283	-0.1174803826652465	0.1515317369338663	37.3104714018909291	34.9989251524763603	47.5598887018565435	0.5527867848168004	0.8215683298056121	0.1394713231898261	-0.6045283040177694	0.2801627114182380	0.7456905422306098	0.5735610692622929	-0.4965222397750150	0.6515315535225430
_x_00400_y_03040_	0.1449036802609814	-0.0712966178710172	0.1577287697282033	22.7486423618906066	42.6152789843824991	69.0841815084398831	0.2627191983744590	0.9549093775172018	0.1382993258667272	-0.6874240359444452	0.0846609276942160	0.7213048746042171	0.6770722395810748	-0.2845709191953112	0.6786697093115353
